   1        "u-r+u"    9   28.561834  27.975332  12.329347
   2        "u-t+u"   31   54.716591  59.677208  58.129250
   3           "sp"  496  682.034851
   4       "u-a+ng"   15   23.301065  18.869499  18.454260
   5        "k-k+a"    9    9.117623  12.077373  16.573816
   6        "k-u+n"    9   11.774335  10.317253  10.364700
   7        "n-a+i"    9   36.994602  16.736237  15.781093
   8        "n-c+i"    9   32.966957  37.681938  46.588871
   9        "a-i+k"    9   30.466177  54.598148  23.462835
  10        "n-d+e"   18   38.476868  56.607124  29.313129
  11        "n-d+i"   16   36.563400  19.581001  36.612457
  12        "a-k+a"   46  142.128571 124.107742  86.992104
  13        "a-l+a"   46  124.145447 115.001976  71.330383
  14        "a-m+a"   30   77.732079  48.422699  75.487259
  15        "a-m+p"   78  418.562775 178.241577 131.092194
  16        "a-m+u"   15   72.884079  30.030895  24.876957
  17        "a-n+d"   16   46.811733  62.139355  26.178658
  18        "a-p+u"   16   88.247681  69.664192  33.491745
  19        "n-k+a"    9   15.280999  29.139660  20.179222
  20        "a-r+a"   17   46.928837  31.541985  26.757277
  21        "a-s+e"   33  251.138382 127.358009  60.988029
  22        "a-s+i"   17  138.582352  66.052444  53.964378
  23        "a-t+i"   47   84.969742  72.292587  59.928299
  24        "d-a+p"   16   37.075058  35.236824 105.428261
  25        "n-t+u"   25   38.216656  53.158215  50.545094
  26        "d-e+l"   18   32.646999  25.266890  29.171535
  27        "j-@+n"   18   30.646135  46.103664  57.672344
  28       "ny-a+l"   46  134.111420  84.882187  75.883781
  29        "@-n+d"   18   29.063593  19.363970  19.376501
  30        "d-u+r"   14   39.388947  35.191998  22.059788
  31        "g-a+r"   17   32.048927  25.619425  24.526636
  32        "t-a+m"   15   69.757103  33.688087  34.096668
  33        "t-i+d"   14   40.455563  62.741329  40.945686
  34        "t-i+k"   47   83.155098 184.936157 108.499168
  35        "t-i+r"   15   27.799150  38.892605  45.116325
  36        "t-u+p"   31   86.892227 142.005920  77.185349
  37        "t-u+r"    9   31.443184  18.719257  11.093059
  38        "t-u+t"   31   68.764778 128.683899  75.158379
  39          "a+s"   33  136.889297  64.213646  74.606400
  40          "a-i"   15   39.795101  74.849655 108.447212
  41          "a-n"  111  247.031052 257.718872 200.739685
  42          "a-r"   30   47.782677  56.684151  74.120537
  43          "b+u"   35   81.059128  82.495438  62.392521
  44        "m-a+n"   16   61.812096  27.904480  25.176550
  45        "m-a+r"   30   75.258492  54.442028  45.757023
  46        "m-a+t"   47  129.171616 114.127251 195.167099
  47          "c-i"    9   18.813269  16.485691  17.289339
  48          "d+a"   16   52.624260  28.235336  45.148193
  49          "d-i"   16   28.170490 118.110153 109.377968
  50          "g+a"   17   63.551777  43.016743  54.971733
  51          "h-u"   18   20.400312  22.413412  21.034794
  52          "j+@"   18   63.693813  37.077984  27.664778
  53          "k+a"   30   98.667549  89.621101  43.406174
  54          "k+u"    9   24.457014  21.983063  14.764916
  55          "k-a"   35  140.112137  98.936836 129.840851
  56          "l+a"   78  259.081390 206.907074 177.538177
  57          "l-a"   18   53.152031  45.037876 149.581116
  58          "m+a"   63   95.714760 134.284821 177.072830
  59          "m-u"   15   73.015762  38.940754 159.202026
  60          "n+a"    9   14.381310  15.467595  30.105122
  61          "p+i"   25   27.006973  31.381760  57.525105
  62          "p-u"   78  108.223068 143.884674 258.679321
  63        "m-p+u"   78  219.752518 313.526398 131.483261
  64          "r+u"   15   43.580658  19.668707  29.681400
  65          "s+u"   18  114.895767  62.645702  28.198942
  66          "s-e"   33  235.228119 199.661041 217.859543
  67          "s-i"   17   62.171055 103.099548 119.699577
  68          "t+a"   15   26.684513  30.732464  26.467503
  69          "t+i"   29   47.280937  44.521320  43.468781
  70          "t+u"   40   56.928600  88.427681  81.171455
  71          "t-u"   25  168.268188 113.122040 188.750504
  72          "sil"  372  2046.776855 682.034851 605.537415
  73          "u-p"   31   44.658669  45.391178  47.173473
  74          "u-r"   30   42.236542  55.187901 229.149139
  75        "p-i+n"   25   83.053680  75.078415  51.873325
  76        "p-u+r"   16   32.825020  36.026920  26.120649
  77         "ny+a"   46  120.566208 139.610214 156.820374
  78        "i-d+u"   14   41.707054  29.047121  52.543705
  79        "s-u+h"   18   46.167362  42.811089  37.949734
  80        "i-k+a"   47  129.268280 137.908081 110.803383
  81        "i-k+k"    9   20.432404  17.099821   9.276153
  82        "i-n+t"   25   99.190025 102.493141  60.427521
  83        "i-r+a"   15   85.434143  37.691620  39.129993
  84        "l-a+k"   46   59.914238  87.095245 181.114700
  85        "l-a+m"   78  124.435051 124.193428 179.672195
  86         "a-ng"   15   44.913441  50.819511  50.327713
  87        "b-u+k"   35   58.481541  91.284248 106.201080
  88        "r-a+i"   15   73.366409  34.090408  28.377747
  89        "r-a+s"   17   45.621941  30.912695  38.931927
  90        "e-l+a"   18  110.426598  56.810471  55.050190
  91        "r-u+a"   15   56.219662  25.237511  21.992704
  92        "r-u+n"    9   10.774825  12.597735  11.379829
  93        "u-h+u"   18  148.036972 101.488075  54.377300
  94        "u-k+a"   35  119.531883 119.622704  92.050293
  95        "u-n+c"    9   31.616735  23.984709  17.251040
  96        "u-n+k"    9   22.617579  21.524000  25.943647
  97        "k-a+m"   30   63.743427  53.921448  50.443684
  98        "k-a+n"  111  256.782532 215.331467 192.553024
